Sequence: STSSTSTSSSTT
P(S1E1) = 0.11111111111111112
P(T2F2) = 0.21965317919075145
P(S3E3) = 0.1710615280594997
P(S3F3) = 0.7358612517505116

Sequence: TSSSSSTTSS
P(S1E1) = 0.25
P(T2F2) = 0.11267605633802816
P(S3E3) = 0.3944954128440367
P(S3F3) = 0.8979118329466357

